N=37888, G=11, T=1, DummyTotalEnergy(J)=22178.26666666666666666666, Time(s)=419.302, TotalEnergy(J)=164242.80000000000000000000, DynamicEnergy(J)=51076.466
N=37888, G=11, T=2, DummyTotalEnergy(J)=22178.26666666666666666666, Time(s)=1155.93, TotalEnergy(J)=358078.73333333333333333333, DynamicEnergy(J)=85063.19
N=37888, G=11, T=3, DummyTotalEnergy(J)=22178.26666666666666666666, Time(s)=781.584, TotalEnergy(J)=259206.46666666666666666666, DynamicEnergy(J)=67424.272
