N=38912, G=22, T=1, DummyTotalEnergy(J)=23427.73333333333333333333, Time(s)=284.755, TotalEnergy(J)=125916.73333333333333333333, DynamicEnergy(J)=40697.165
N=38912, G=22, T=2, DummyTotalEnergy(J)=23427.73333333333333333333, Time(s)=1235.79, TotalEnergy(J)=384404.33333333333333333333, DynamicEnergy(J)=92810.57
N=38912, G=44, T=1, DummyTotalEnergy(J)=23427.73333333333333333333, Time(s)=256.35, TotalEnergy(J)=122213.13333333333333333333, DynamicEnergy(J)=43157.45
