N=38912, G=2, T=20, DummyTotalEnergy(J)=23430.46666666666666666666, Time(s)=191.719, TotalEnergy(J)=96248.66666666666666666666, DynamicEnergy(J)=31215.177
N=38912, G=4, T=4, DummyTotalEnergy(J)=23430.46666666666666666666, Time(s)=668.844, TotalEnergy(J)=236309.00000000000000000000, DynamicEnergy(J)=67739.852
N=38912, G=4, T=8, DummyTotalEnergy(J)=23430.46666666666666666666, Time(s)=336.728, TotalEnergy(J)=147552.20000000000000000000, DynamicEnergy(J)=51052.024
N=38912, G=11, T=1, DummyTotalEnergy(J)=23430.46666666666666666666, Time(s)=469.055, TotalEnergy(J)=182537.13333333333333333333, DynamicEnergy(J)=57322.065
