N=32768, G=22, T=2, DummyTotalEnergy(J)=5905.40000000000000000000, Time(s)=28.3138, TotalEnergy(J)=22318.86666666666666666666, DynamicEnergy(J)=10269.4054
N=32768, G=44, T=1, DummyTotalEnergy(J)=5905.40000000000000000000, Time(s)=40.0975, TotalEnergy(J)=28481.86666666666666666666, DynamicEnergy(J)=13875.3425
