N=35840, G=1, T=4, DummyTotalEnergy(J)=19735.66666666666666666666, Time(s)=486.056, TotalEnergy(J)=177377.26666666666666666666, DynamicEnergy(J)=52167.848
N=35840, G=1, T=8, DummyTotalEnergy(J)=19735.66666666666666666666, Time(s)=259.709, TotalEnergy(J)=116998.80000000000000000000, DynamicEnergy(J)=40906.247
