N=38912, G=11, T=2, DummyTotalEnergy(J)=23435.86666666666666666666, Time(s)=1257.49, TotalEnergy(J)=390887.93333333333333333333, DynamicEnergy(J)=94576.67
N=38912, G=11, T=3, DummyTotalEnergy(J)=23435.86666666666666666666, Time(s)=858.706, TotalEnergy(J)=285784.53333333333333333333, DynamicEnergy(J)=76009.798
N=38912, G=11, T=4, DummyTotalEnergy(J)=23435.86666666666666666666, Time(s)=646.638, TotalEnergy(J)=231334.06666666666666666666, DynamicEnergy(J)=67577.554
