N=37888, G=11, T=4, DummyTotalEnergy(J)=22380.60000000000000000000, Time(s)=586.032, TotalEnergy(J)=209882.66666666666666666666, DynamicEnergy(J)=60333.056
N=37888, G=22, T=1, DummyTotalEnergy(J)=22380.60000000000000000000, Time(s)=254.617, TotalEnergy(J)=115372.33333333333333333333, DynamicEnergy(J)=37739.811
N=37888, G=22, T=2, DummyTotalEnergy(J)=22380.60000000000000000000, Time(s)=1190.57, TotalEnergy(J)=370329.60000000000000000000, DynamicEnergy(J)=89595.31
N=37888, G=44, T=1, DummyTotalEnergy(J)=22380.60000000000000000000, Time(s)=237.812, TotalEnergy(J)=114566.86666666666666666666, DynamicEnergy(J)=40581.096
