N=24576, G=24, T=1, DummyTotalEnergy(J)=3406.6, Time(s)=45.7583, TotalEnergy(J)=25037.26666666666666666666, DynamicEnergy(J)=11106.2910
N=24576, G=24, T=2, DummyTotalEnergy(J)=3406.6, Time(s)=44.1439, TotalEnergy(J)=24911.80000000000000000000, DynamicEnergy(J)=11352.1030
N=24576, G=48, T=1, DummyTotalEnergy(J)=3406.6, Time(s)=47.0836, TotalEnergy(J)=26239.66666666666666666666, DynamicEnergy(J)=12003.8720
