N=32768, G=24, T=2, DummyTotalEnergy(J)=7690.93, Time(s)=123.677, TotalEnergy(J)=65844.26666666666666666666, DynamicEnergy(J)=29707.590
N=32768, G=48, T=1, DummyTotalEnergy(J)=7690.93, Time(s)=115.269, TotalEnergy(J)=62507.00000000000000000000, DynamicEnergy(J)=28304.230
