N=27648, G=22, T=1, DummyTotalEnergy(J)=4827.27, Time(s)=64.2753, TotalEnergy(J)=30473.73333333333333333333, DynamicEnergy(J)=11698.7599
N=27648, G=22, T=2, DummyTotalEnergy(J)=4827.27, Time(s)=43.8575, TotalEnergy(J)=24244.86666666666666666666, DynamicEnergy(J)=9900.5225
N=27648, G=44, T=1, DummyTotalEnergy(J)=4827.27, Time(s)=67.3459, TotalEnergy(J)=31892.40000000000000000000, DynamicEnergy(J)=12451.0397
