N=16384, G=16, T=1, DummyTotalEnergy(J)=1445.00000000000000000000, Time(s)=8.64259, TotalEnergy(J)=5943.26666666666666666666, DynamicEnergy(J)=2510.47430
N=16384, G=16, T=2, DummyTotalEnergy(J)=1445.00000000000000000000, Time(s)=6.44024, TotalEnergy(J)=5014.00000000000000000000, DynamicEnergy(J)=2087.74480
N=16384, G=16, T=3, DummyTotalEnergy(J)=1445.00000000000000000000, Time(s)=4.72687, TotalEnergy(J)=4284.86666666666666666666, DynamicEnergy(J)=1752.68990
