N=27648, G=1, T=1, DummyTotalEnergy(J)=11765.60000000000000000000, Time(s)=837.355, TotalEnergy(J)=244524.46666666666666666666, DynamicEnergy(J)=51052.965
N=27648, G=1, T=2, DummyTotalEnergy(J)=11765.60000000000000000000, Time(s)=424.09, TotalEnergy(J)=138181.93333333333333333333, DynamicEnergy(J)=34388.47
