N=40960, G=11, T=1, DummyTotalEnergy(J)=26003.33333333333333333333, Time(s)=487.977, TotalEnergy(J)=194172.66666666666666666666, DynamicEnergy(J)=62277.991
N=40960, G=11, T=2, DummyTotalEnergy(J)=26003.33333333333333333333, Time(s)=1502.38, TotalEnergy(J)=464120.46666666666666666666, DynamicEnergy(J)=112100.54
